1.000000000000000000e+00
9.999648430147497491e-01
9.998945327522464899e-01
9.997890766278334507e-01
9.996484857628954446e-01
9.994727749829053209e-01
9.992619628148171618e-01
9.990160714838116629e-01
9.987351269093900363e-01
9.984191587008210966e-01
9.980682001519398661e-01
9.976822882353009181e-01
9.972614635956870144e-01
9.968057705429741455e-01
9.963152570443560840e-01
9.957899747159291159e-01
9.952299788136399483e-01
9.946353282235979032e-01
9.940060854517551725e-01
9.933423166129564663e-01
9.926440914193612741e-01
9.919114831682417366e-01
9.911445687291587925e-01
9.903434285305195983e-01
9.895081465455199954e-01
9.886388102774753550e-01
9.877355107445432436e-01
9.867983424638407941e-01
9.858274034349632231e-01
9.848227951229042709e-01
9.837846224403847817e-01
9.827129937295937534e-01
9.816080207433451887e-01
9.804698186256558534e-01
9.792985058917492713e-01
9.780942044074899533e-01
9.768570393682534103e-01
9.755871392772362816e-01
9.742846359232133491e-01
9.729496643577451032e-01
9.715823628718426308e-01
9.701828729720948230e-01
9.687513393562638964e-01
9.672879098883550020e-01
9.657927355731663610e-01
9.642659705303253670e-01
9.627077719678169831e-01
9.611183001550120952e-01
9.594977183952000388e-01
9.578461929976341827e-01
9.561638932490950094e-01
9.544509913849801297e-01
9.527076625599255610e-01
9.509340848179669292e-01
9.491304390622470333e-01
9.472969090242772117e-01
9.454336812327600592e-01
9.435409449819797123e-01
9.416188922997692501e-01
9.396677179150607628e-01
9.376876192250268582e-01
9.356787962618215992e-01
9.336414516589272017e-01
9.315757906171167058e-01
9.294820208700383946e-01
9.273603526494315075e-01
9.252109986499803540e-01
9.230341739938168200e-01
9.208300961946765950e-01
9.185989851217203350e-01
9.163410629630270865e-01
9.140565541887677448e-01
9.117456855140678718e-01
9.094086858615688662e-01
9.070457863236950358e-01
9.046572201246357858e-01
9.022432225820519180e-01
8.998040310685146981e-01
8.973398849726860194e-01
8.948510256602489887e-01
8.923376964345982598e-01
8.898001424972976636e-01
8.872386109083160166e-01
8.846533505460484337e-01
8.820446120671326939e-01
8.794126478660707624e-01
8.767577120346625730e-01
8.740800603212627307e-01
8.713799500898691264e-01
8.686576402790513463e-01
8.659133913607295341e-01
8.631474652988119223e-01
8.603601255077005794e-01
8.575516368106744780e-01
8.547222653981584317e-01
8.518722787858884482e-01
8.490019457729810481e-01
8.461115363999167638e-01
8.432013219064469212e-01
8.402715746894316995e-01
8.373225682606202369e-01
8.343545772043806652e-01
8.313678771353896213e-01
8.283627446562902286e-01
8.253394573153274294e-01
8.222982935639697732e-01
8.192395327145269857e-01
8.161634548977714232e-01
8.130703410205732951e-01
8.099604727235576451e-01
8.068341323387924202e-01
8.036916028475165064e-01
8.005331678379163929e-01
7.973591114629591248e-01
7.941697183982929786e-01
7.909652738002204142e-01
7.877460632637557358e-01
7.845123727807736813e-01
7.812644886982581527e-01
7.780026976766586388e-01
7.747272866483645437e-01
7.714385427763033043e-01
7.681367534126724017e-01
7.648222060578122594e-01
7.614951883192283555e-01
7.581559878707712086e-01
7.548048924119807879e-01
7.514421896276048951e-01
7.480681671472972916e-01
7.446831125055053402e-01
7.412873131015532691e-01
7.378810561599286055e-01
7.344646286907808852e-01
7.310383174506376314e-01
7.276024089033463760e-01
7.241571891812497164e-01
7.207029440466001802e-01
7.172399588532220038e-01
7.137685185084265971e-01
7.102889074351889098e-01
7.068014095345909187e-01
7.033063081485394497e-01
6.998038860227635549e-01
6.962944252700996595e-01
6.927782073340696956e-01
6.892555129527583313e-01
6.857266221229956216e-01
6.821918140648518536e-01
6.786513671864485842e-01
6.751055590490935288e-01
6.715546663327447430e-01
6.679989648018080928e-01
6.644387292712746751e-01
6.608742335732046280e-01
6.573057505235595510e-01
6.537335518893918618e-01
6.501579083563936434e-01
6.465790894968116431e-01
6.429973637377314200e-01
6.394129983297373032e-01
6.358262593159508258e-01
6.322374115014538498e-01
6.286467184230978278e-01
6.250544423197079702e-01
6.214608441026807650e-01
6.178661833269842862e-01
6.142707181625599588e-01
6.106747053661343294e-01
6.070784002534405088e-01
6.034820566718546164e-01
5.998859269734508892e-01
5.962902619884773436e-01
5.926953109992559865e-01
5.891013217145099068e-01
5.855085402441216891e-01
5.819172110743225934e-01
5.783275770433193852e-01
5.747398793173575937e-01
5.711543573672249741e-01
5.675712489451985032e-01
5.639907900624353543e-01
5.604132149668094032e-01
5.568387561211981529e-01
5.532676441822181879e-01
5.497001079794128220e-01
5.461363744948933840e-01
5.425766688434346952e-01
5.390212142530262929e-01
5.354702320458814002e-01
5.319239416199029735e-01
5.283825604306093826e-01
5.248463039735195013e-01
5.213153857669980962e-01
5.177900173355622915e-01
5.142704081936491090e-01
5.107567658298446389e-01
5.072492956915759521e-01
5.037482011702630880e-01
5.002536835869347831e-01
4.967659421783044427e-01
4.932851740833088527e-01
4.898115743301068026e-01
4.863453358235392820e-01
4.828866493330488674e-01
4.794357034810592388e-01
4.759926847318126097e-01
4.725577773806647897e-01
4.691311635438371042e-01
4.657130231486236727e-01
4.623035339240528230e-01
4.589028713920013103e-01
4.555112088587601193e-01
4.521287174070502402e-01
4.487555658884868626e-01
4.453919209164893811e-01
4.420379468596374317e-01
4.386938058354684089e-01
4.353596577047165184e-01
4.320356600659905899e-01
4.287219682508880414e-01
4.254187353195432175e-01
4.221261120566072722e-01
4.188442469676579294e-01
4.155732862760356250e-01
4.123133739201039205e-01
4.090646515509314129e-01
4.058272585303921431e-01
4.026013319296820048e-01
3.993870065282474346e-01
3.961844148131248300e-01
3.929936869786851417e-01
3.898149509267833657e-01
3.866483322673069933e-01
3.834939543191226430e-01
3.803519381114142672e-01
3.772224023854131580e-01
3.741054635965131991e-01
3.710012359167693674e-01
3.679098312377748758e-01
3.648313591739146822e-01
3.617659270659894788e-01
3.587136399852077773e-01
3.556746007375421459e-01
3.526489098684451595e-01
3.496366656679203988e-01
3.466379641759465002e-01
3.436528991882477069e-01
3.406815622624081996e-01
3.377240427243259902e-01
3.347804276750007135e-01
3.318508019976533219e-01
3.289352483651712955e-01
3.260338472478752636e-01
3.231466769216037038e-01
3.202738134761106692e-01
3.174153308237705473e-01
3.145713007085886304e-01
3.117417927155091140e-01
3.089268742800184708e-01
3.061266106980389812e-01
3.033410651361068688e-01
3.005702986418312683e-01
2.978143701546294708e-01
2.950733365167320099e-01
2.923472524844553666e-01
2.896361707397349661e-01
2.869401419019153021e-01
2.842592145397924153e-01
2.815934351839015082e-01
2.789428483390486435e-01
2.763074964970782532e-01
2.736874201498731840e-01
2.710826578025821165e-01
2.684932459870693622e-01
2.659192192755823192e-01
2.633606102946308702e-01
2.608174497390747804e-01
2.582897663864137106e-01
2.557775871112749067e-01
2.532809369000931232e-01
2.507998388659791744e-01
2.483343142637704781e-01
2.458843825052602072e-01
2.434500611745985810e-01
2.410313660438630490e-01
2.386283110887907899e-01
2.362409085046698054e-01
2.338691687223832250e-01
2.315131004246018531e-01
2.291727105621202132e-01
2.268480043703313687e-01
2.245389853858353879e-01
2.222456554631765113e-01
2.199680147917048023e-01
2.177060619125570917e-01
2.154597937357518589e-01
2.132292055573944967e-01
2.110142910769876590e-01
2.088150424148411122e-01
2.066314501295780093e-01
2.044635032357317861e-01
2.023111892214293217e-01
2.001744940661557837e-01
1.980534022585967446e-01
1.959478968145528244e-01
1.938579592949220554e-01
1.917835698237460862e-01
1.897247071063152823e-01
1.876813484473287275e-01
1.856534697691041569e-01
1.836410456298338267e-01
1.816440492418822661e-01
1.796624524901207220e-01
1.776962259502953001e-01
1.757453389074231931e-01
1.738097593742143065e-01
1.718894541095127848e-01
1.699843886367551904e-01
1.680945272624410625e-01
1.662198330946116354e-01
1.643602680613333866e-01
1.625157929291812242e-01
1.606863673217192034e-01
1.588719497379731949e-01
1.570724975708930327e-01
1.552879671257993421e-01
1.535183136388123259e-01
1.517634912952580961e-01
1.500234532480494987e-01
1.482981516360370455e-01
1.465875376023276777e-01
1.448915613125667523e-01
1.432101719731805889e-01
1.415433178495756616e-01
1.398909462842912732e-01
1.382530037151032398e-01
1.366294356930736476e-01
1.350201869005454303e-01
1.334252011690772455e-01
1.318444214973162887e-01
1.302777900688055768e-01
1.287252482697237299e-01
1.271867367065523391e-01
1.256621952236708639e-01
1.241515629208732180e-01
1.226547781708061252e-01
1.211717786363241678e-01
1.197025012877604433e-01
1.182468824201096669e-01
1.168048576701211649e-01
1.153763620332989709e-01
1.139613298808078851e-01
1.125596949762809329e-01
1.111713904925278190e-01
1.097963490281416571e-01
1.084345026240007004e-01
1.070857827796641848e-01
1.057501204696596614e-01
1.044274461596596815e-01
1.031176898225456690e-01
1.018207809543575371e-01
1.005366485901267454e-01
9.926522131959103490e-02
9.800642730278884274e-02
9.676019428553218893e-02
9.552644961475560692e-02
9.430512025374013230e-02
9.309613279721030976e-02
9.189941348630274731e-02
9.071488822340494085e-02
8.954248258686274553e-02
8.838212184555507833e-02
8.723373097333451953e-02
8.609723466333274455e-02
8.497255734212905143e-02
8.385962318378147040e-02
8.275835612371852668e-02
8.166867987249136485e-02
8.059051792938451420e-02
7.952379359588462870e-02
7.846842998900629973e-02
7.742435005447378948e-02
7.639147657975803307e-02
7.536973220696809028e-02
7.435903944559611733e-02
7.335932068511541448e-02
7.237049820743038375e-02
7.139249419917860495e-02
7.042523076388340630e-02
6.946862993395741537e-02
6.852261368255567475e-02
6.758710393527858629e-02
6.666202258172403139e-02
6.574729148688787661e-02
6.484283250241354435e-02
6.394856747768903893e-02
6.306441827079262152e-02
6.219030675928560042e-02
6.132615485085301382e-02
6.047188449379180264e-02
5.962741768734599462e-02
5.879267649188961442e-02
5.796758303895667430e-02
5.715205954111850922e-02
5.634602830170863663e-02
5.554941172439505775e-02
5.476213232260009056e-02
5.398411272876830341e-02
5.321527570348235509e-02
5.245554414442696323e-02
5.170484109520169513e-02
5.096308975398251839e-02
5.023021348203249997e-02
4.950613581206222968e-02
4.879078045644019007e-02
4.808407131525344047e-02
4.738593248421950344e-02
4.669628826244925923e-02
4.601506316006219455e-02
4.534218190565375561e-02
4.467756945361602006e-02
4.402115099131200665e-02
4.337285194610402544e-02
4.273259799223759481e-02
4.210031505758035641e-02
4.147592933021790329e-02
4.085936726490634052e-02
4.025055558938310518e-02
3.964942131053608015e-02
3.905589172043241741e-02
3.846989440220772993e-02
3.789135723581617265e-02
3.732020840364289743e-02
3.675637639597911788e-02
3.619979001636138005e-02
3.565037838677521942e-02
3.510807095272489714e-02
3.457279748816972920e-02
3.404448810032794509e-02
3.352307323434956798e-02
3.300848367785873261e-02
3.250065056536701608e-02
3.199950538255837834e-02
3.150497997044719722e-02
3.101700652941004679e-02
3.053551762309280812e-02
3.006044618219387912e-02
2.959172550812457295e-02
2.912928927654811345e-02
2.867307154079835191e-02
2.822300673517887451e-02
2.777902967814442625e-02
2.734107557536537975e-02
2.690908002267627247e-02
2.648297900891019227e-02
2.606270891861976052e-02
2.564820653468597583e-02
2.523940904081635461e-02
2.483625402393356552e-02
2.443867947645543895e-02
2.404662379846822171e-02
2.366002579979370468e-02
2.327882470195206596e-02
2.290296014002110234e-02
2.253237216439368459e-02
2.216700124243426578e-02
2.180678826003609044e-02
2.145167452308000336e-02
2.110160175879654057e-02
2.075651211703227403e-02
2.041634817142190181e-02
2.008105292046730855e-02
1.975056978852479661e-02
1.942484262670199358e-02
1.910381571366556730e-02
1.878743375636110144e-02
1.847564189064639789e-02
1.816838568183963901e-02
1.786561112518341918e-02
1.756726464622626258e-02
1.727329310112278929e-02
1.698364377685370255e-02
1.669826439136708543e-02
1.641710309364223172e-02
1.614010846367718022e-02
1.586722951240140261e-02
1.559841568151488014e-02
1.533361684325469480e-02
1.507278330009067906e-02
1.481586578435117180e-02
1.456281545778018854e-02
1.431358391102734162e-02
1.406812316307170033e-02
1.382638566058082795e-02
1.358832427720633833e-02
1.335389231281703705e-02
1.312304349267103334e-02
1.289573196652802484e-02
1.267191230770281681e-02
1.245153951206157301e-02
1.223456899696169844e-02
1.202095660013680241e-02
1.181065857852773605e-02
1.160363160706102612e-02
1.139983277737579952e-02
1.119921959650044090e-02
1.100174998548002735e-02
1.080738227795578765e-02
1.061607521869773960e-02
1.042778796209152363e-02
1.024248007058064201e-02
1.006011151306529863e-02
9.880642663258727698e-03
9.704034298002308864e-03
9.530247595540445454e-03
9.359244133756383643e-03
9.190985888369860787e-03
9.025435231097889144e-03
8.862554927779486835e-03
8.702308136465572094e-03
8.544658405474924584e-03
8.389569671417273708e-03
8.237006257184627603e-03
8.086932869911611296e-03
7.939314598906016193e-03
7.794116913550424783e-03
7.651305661175894154e-03
7.510847064908693187e-03
7.372707721490993731e-03
7.236854599076386618e-03
7.103255035001362211e-03
6.971876733533389527e-03
6.842687763596683355e-03
6.715656556476477280e-03
6.590751903502705539e-03
6.467942953713916830e-03
6.347199211502318680e-03
6.228490534240799757e-03
6.111787129892682149e-03
5.997059554605179386e-03
5.884278710287171692e-03
5.773415842172258637e-03
5.664442536367849876e-03
5.557330717390912382e-03
5.452052645691422839e-03
5.348580915163988342e-03
5.246888450648568708e-03
5.146948505420947430e-03
5.048734658673688543e-03
4.952220812988324464e-03
4.857381191799338589e-03
4.764190336850850777e-03
4.672623105646431588e-03
4.582654668892909185e-03
4.494260507938687560e-03
4.407416412207301216e-03
4.322098476626744928e-03
4.238283099055332320e-03
4.155946977704510006e-03
4.075067108559407049e-03
3.995620782797541272e-03
3.917585584206407547e-03
3.840939386600356574e-03
3.765660351237460225e-03
3.691726924236797113e-03
3.619117833996730871e-03
3.547812088614742728e-03
3.477788973309228239e-03
3.409028047843847952e-03
3.341509143954873948e-03
3.275212362782032715e-03
3.210118072303287575e-03
3.146206904774038159e-03
3.083459754171178832e-03
3.021857773642457577e-03
2.961382372961544277e-03
2.902015215989246430e-03
2.843738218141279080e-03
2.786533543862968008e-03
2.730383604111280820e-03
2.675271053844601853e-03
2.621178789520551850e-03
2.568089946602252708e-03
2.515987897073418498e-03
2.464856246962525161e-03
2.414678833876487789e-03
2.365439724544101362e-03
2.317123212369586252e-03
2.269713814996552476e-03
2.223196271882639866e-03
2.177555541885177210e-03
2.132776800858097142e-03
2.088845439260378703e-03
2.045747059776327221e-03
2.003467474947861517e-03
1.961992704819155806e-03
1.921308974593782457e-03
1.881402712304642687e-03
1.842260546496885800e-03
1.803869303924031820e-03
1.766216007257522631e-03
1.729287872809857516e-03
1.693072308271555094e-03
1.657556910462100594e-03
1.622729463095041970e-03
1.588577934557448444e-03
1.555090475703832737e-03
1.522255417664764455e-03
1.490061269670243807e-03
1.458496716888062683e-03
1.427550618277210115e-03
1.397212004456512306e-03
1.367470075588587877e-03
1.338314199279263834e-03
1.309733908492536833e-03
1.281718899481209834e-03
1.254259029733279180e-03
1.227344315934181381e-03
1.200964931944965104e-03
1.175111206796504350e-03
1.149773622699778227e-03
1.124942813072336758e-03
1.100609560580974658e-03
1.076764795200708903e-03
1.053399592290074844e-03
1.030505170682829768e-03
1.008072890796062613e-03
9.860942527547974200e-04
9.645608945330755909e-04
9.434645901115841417e-04
9.227972476518288888e-04
9.025509076868832399e-04
8.827177413287297250e-04
8.632900484921904706e-04
8.442602561354780591e-04
8.256209165173354408e-04
8.073647054708016531e-04
7.894844206935561822e-04
7.719729800548704845e-04
7.548234199191280677e-04
7.380288934859009905e-04
7.215826691465712867e-04
7.054781288574566572e-04
6.897087665294281784e-04
6.742681864339803441e-04
6.591501016257154955e-04
6.443483323812179177e-04
6.298568046542548293e-04
6.156695485472835549e-04
6.017806967992083951e-04
5.881844832893232252e-04
5.748752415574112000e-04
5.618474033399339105e-04
5.490954971222441810e-04
5.366141467067765377e-04
5.243980697971462827e-04
5.124420765980823664e-04
5.007410684311436409e-04
4.892900363661309990e-04
4.780840598681327888e-04
4.671183054601268469e-04
4.563880254010626637e-04
4.458885563793365072e-04
4.356153182215947279e-04
4.255638126167706446e-04
4.157296218552687661e-04
4.061084075832207770e-04
3.966959095717207534e-04
3.874879445009404020e-04
3.784804047590497851e-04
3.696692572558404237e-04
3.610505422509588370e-04
3.526203721966555439e-04
3.443749305949518396e-04
3.363104708691319719e-04
3.284233152494522986e-04
3.207098536729722322e-04
3.131665426974097736e-04
3.057899044289120755e-04
2.985765254636376037e-04
2.915230558430532927e-04
2.846262080228355112e-04
2.778827558552678274e-04
2.712895335850330075e-04
2.648434348582894178e-04
2.585414117449214596e-04
2.523804737738638017e-04
2.463576869813773290e-04
2.404701729721750556e-04
2.347151079932877386e-04
2.290897220205557582e-04
2.235912978576341543e-04
2.182171702474049472e-04
2.129647249956766143e-04
2.078313981070666636e-04
2.028146749329486954e-04
1.979120893313545001e-04
1.931212228387150197e-04
1.884397038533298571e-04
1.838652068304506230e-04
1.793954514888648213e-04
1.750282020288669756e-04
1.707612663615028551e-04
1.665924953489769720e-04
1.625197820561003468e-04
1.585410610126793910e-04
1.546543074867199241e-04
1.508575367683401801e-04
1.471488034642777162e-04
1.435262008028787950e-04
1.399878599494541482e-04
1.365319493318949801e-04
1.331566739764306789e-04
1.298602748534211440e-04
1.266410282330700796e-04
1.234972450509487442e-04
1.204272702832207627e-04
1.174294823314538875e-04
1.145022924169146391e-04
1.116441439842298297e-04
1.088535121143122971e-04
1.061289029464366395e-04
1.034688531093615345e-04
1.008719291613866290e-04
9.833672703924208481e-05
9.586187151569853918e-05
9.344601566579702819e-05
9.108784034158900241e-05
8.878605365528433068e-05
8.653939047070197490e-05
8.434661190291990317e-05
8.220650482602191961e-05
8.011788138883697505e-05
7.807957853857262157e-05
7.609045755223817502e-05
7.414940357575945163e-05
7.225532517068439719e-05
7.040715386838086482e-05
6.860384373162885490e-05
6.684437092350770093e-05
6.512773328348434997e-05
6.345294991060368233e-05
6.181906075368742584e-05
6.022512620844607868e-05
5.867022672141028087e-05
5.715346240058892172e-05
5.567395263276000305e-05
5.423083570730529958e-05
5.282326844649537842e-05
5.145042584213662209e-05
5.011150069849034755e-05
4.880570328137574007e-05
4.753226097336878158e-05
4.629041793501091845e-05
4.507943477193991936e-05
4.389858820785994112e-05
4.274717076326420859e-05
4.162449043982753669e-05
4.052987041038697940e-05
3.946264871442592973e-05
3.842217795898354694e-05
3.740782502490643419e-05
3.641897077836533068e-05
3.545500978755619425e-05
3.451535004450887237e-05
3.359941269192581390e-05
3.270663175497501556e-05
3.183645387796063141e-05
3.098833806579805471e-05
3.016175543021868284e-05
2.935618894063142531e-05
2.857113317956904192e-05
2.780609410264778077e-05
2.706058880296965323e-05
2.633414527989786215e-05
2.562630221213576048e-05
2.493660873504198770e-05
2.426462422211399087e-05
2.360991807057317746e-05
2.297206949098626474e-05
2.235066730085789584e-05
2.174530972212973103e-05
2.115560418252338470e-05
2.058116712066418197e-05
2.002162379492369493e-05
1.947660809592037016e-05
1.894576236261774578e-05
1.842873720196054214e-05
1.792519131199052314e-05
1.743479130838290690e-05
1.695721155434738454e-05
1.649213399383622650e-05
1.603924798800405359e-05
1.559825015486447975e-05
1.516884421208888955e-05
1.475074082289376389e-05
1.434365744496428157e-05
1.394731818236106765e-05
1.356145364035985946e-05
1.318580078317217725e-05
1.282010279449777675e-05
1.246410894085924764e-05
1.211757443767012774e-05
1.178026031798872847e-05
1.145193330391014261e-05
1.113236568054999156e-05
1.082133517257412502e-05
1.051862482322865688e-05
1.022402287582588840e-05
9.937322657642428802e-06
9.658322466185530176e-06
9.386825457785723833e-06
9.122639538473010064e-06
8.865577257095767514e-06
8.615455700641121522e-06
8.372096391716750806e-06
8.135325188154755624e-06
7.904972184698108904e-06
7.680871616731790695e-06
7.462861766020571629e-06
7.250784868416209812e-06
7.044487023497442225e-06
6.843818106106909798e-06
6.648631679749069776e-06
6.458784911814601647e-06
6.274138490596618946e-06
6.094556544065002974e-06
5.919906560365350652e-06
5.750059310010033322e-06
5.584888769728897168e-06
5.424272047947844082e-06
5.268089311864413522e-06
5.116223716089182706e-06
4.968561332823162795e-06
4.824991083541340788e-06
4.685404672153056386e-06
4.549696519610751845e-06
4.417763699938448984e-06
4.289505877652643339e-06
4.164825246547837847e-06
4.043626469820215786e-06
3.925816621502847683e-06
3.811305129186629852e-06
3.700003718001259834e-06
3.591826355831349347e-06
3.486689199743032867e-06
3.384510543596671370e-06
3.285210766822122337e-06
3.188712284332924338e-06
3.094939497556740595e-06
3.003818746559139119e-06
2.915278263238832681e-06
2.829248125572447664e-06
2.745660212887468512e-06
2.664448162142370425e-06
2.585547325193227378e-06
2.508894727026656825e-06
2.434429024939045900e-06
2.362090468642695938e-06
2.291820861279480206e-06
2.223563521323430532e-06
2.157263245353511795e-06
2.092866271678630990e-06
2.030320244796907255e-06
1.969574180671833601e-06
1.910578432808062314e-06
1.853284659110029417e-06
1.797645789506851100e-06
1.743615994327292808e-06
1.691150653408836584e-06
1.640206325925308907e-06
1.590740720917642229e-06
1.542712668512834052e-06
1.496082091816268183e-06
1.450809979462983374e-06
1.406858358813674420e-06
1.364190269781510460e-06
1.322769739276129867e-06
1.282561756251386444e-06
1.243532247343791844e-06
1.205648053088673634e-06
1.168876904701557170e-06
1.133187401412261252e-06
1.098548988339693016e-06
1.064931934895373933e-06
1.032307313704058660e-06
1.000646980030032778e-06
9.699235516978628313e-07
9.401103894966626395e-07
9.111815780570542771e-07
8.831119071903508095e-07
8.558768536795691645e-07
8.294525635122026618e-07
8.038158345447837284e-07
7.789440995895790351e-07
7.548154099138240901e-07
7.314084191422571106e-07
7.087023675537379392e-07
6.866770667630528629e-07
6.653128847791479675e-07
6.445907314311504457e-07
6.244920441538505700e-07
6.049987741243523022e-07
5.860933727418631978e-07
5.677587784427287267e-07
5.499784038429675424e-07
5.327361232007724936e-07
5.160162601915372542e-07
4.998035759881971423e-07
4.840832576397431139e-07
4.688409067410055045e-07
4.540625283868930348e-07
4.397345204044068999e-07
4.258436628559704183e-07
4.123771078076638403e-07
3.993223693561292016e-07
3.866673139080758072e-07
3.744001507063727294e-07
3.625094225969327079e-07
3.509839970306343532e-07
3.398130572947219858e-07
3.289860939682002148e-07
3.184928965958824491e-07
3.083235455758561358e-07
2.984684042552573815e-07
2.889181112293401517e-07
2.796635728389619852e-07
2.706959558616854522e-07
2.620066803918284173e-07
2.535874129048886511e-07
2.454300595018595538e-07
2.375267593290756676e-07
2.298698781693104385e-07
2.224520021999423320e-07
2.152659319141104438e-07
2.083046762008710055e-07
2.015614465804354324e-07
1.950296515906986467e-07
1.887028913213135782e-07
1.825749520916768805e-07
1.766398012692673451e-07
1.708915822248535630e-07
1.653246094211804006e-07
1.599333636318080694e-07
1.547124872868665365e-07
1.496567799425466261e-07
1.447611938712474424e-07
1.400208297693413072e-07
1.354309325796141721e-07
1.309868874254916426e-07
1.266842156542359503e-07
1.225185709863607503e-07
1.184857357685780537e-07
1.145816173276570406e-07
1.108022444226248393e-07
1.071437637928193151e-07
1.036024367993414688e-07
1.001746361575302066e-07
9.685684275812739067e-08
9.364564257486714161e-08
9.053772365626402891e-08
8.752987319944074275e-08
8.461897470388208610e-08
8.180200520304847344e-08
7.907603257184316233e-08
7.643821290796381303e-08
7.388578798522570979e-08
7.141608277698192165e-08
6.902650304782102879e-08
6.671453301175929111e-08
6.447773305518916057e-08
6.231373752289250672e-08
6.022025256546253965e-08
5.819505404652570329e-08
5.623598550818616493e-08
5.434095619316195524e-08
5.250793912211513179e-08
5.073496922471796405e-08
4.902014152302804187e-08
4.736160936579173608e-08
4.575758271231463103e-08
4.420632646458420130e-08
4.270615884635732876e-08
4.125544982795773420e-08
3.985261959555967868e-08
3.849613706376628478e-08
3.718451843032138776e-08
3.591632577181947533e-08
3.469016567931126310e-08
3.350468793272798925e-08
3.235858421307451792e-08
3.125058685137143026e-08
3.017946761334543284e-08
2.914403651890139083e-08
2.814314069542715975e-08
2.717566326401076931e-08
2.624052225767001959e-08
2.533666957072131792e-08
2.446308993843396707e-08
2.361879994613910093e-08
2.280284706698440107e-08
2.201430872754715117e-08
2.125229140053667567e-08
2.051592972383858984e-08
1.980438564517318063e-08
1.911684759165848516e-08
1.845252966358674892e-08
1.781067085174158405e-08
1.719053427760170296e-08
1.659140645579247534e-08
1.601259657816461192e-08
1.545343581889564019e-08
1.491327666002480263e-08
1.439149223684907751e-08
1.388747570262176382e-08
1.340063961201143636e-08
1.293041532279164227e-08
1.247625241524763173e-08
1.203761812879903651e-08
1.161399681535120289e-08
1.120488940890089475e-08
1.080981291093480700e-08
1.042829989117172345e-08
1.005989800321150821e-08
9.704169514665134553e-09
9.360690851352739872e-09
9.029052155166821799e-09
8.708856855208649075e-09
8.399721251817741399e-09
8.101274113123014190e-09
7.813156283755610816e-09
7.535020305372667939e-09
7.266530048650833417e-09
7.007360356418240156e-09
6.757196697601994693e-09
6.515734831677502024e-09
6.282680483314923130e-09
6.057749026925791644e-09
5.840665180821490735e-09
5.631162710703221494e-09
5.428984142210639607e-09
5.233880482264145736e-09
5.045610948943337363e-09
4.863942709650741529e-09
4.688650627317493444e-09
4.519517014414416264e-09
4.356331394538070189e-09
4.198890271348434604e-09
4.046996904640778983e-09
3.900461093340530117e-09
3.759098965215858381e-09
3.622732773108623008e-09
3.491190697489637156e-09
3.364306655150227606e-09
3.241920113846878487e-09
3.123875912721350958e-09
3.010024088323359631e-09
2.900219706068317378e-09
2.794322696966868855e-09
2.692197699468065335e-09
2.593713906262330611e-09
2.498744915894853160e-09
2.407168589044274070e-09
2.318866909325950747e-09
2.233725848482599432e-09
2.151635235829908031e-09
2.072488631827605563e-09
1.996183205651027264e-09
1.922619616641371353e-09
1.851701899516463830e-09
1.783337353227504842e-09
1.717436433350283763e-09
1.653912647902841906e-09
1.592682456484698625e-09
1.533665172635666606e-09
1.476782869315478995e-09
1.421960287408189371e-09
1.369124747158318807e-09
1.318206062448164858e-09
1.269136457828730066e-09
1.221850488219017674e-09
1.176284961191117298e-09
1.132378861760926759e-09
1.090073279606661217e-09
1.049311338639781038e-09
1.010038128854989612e-09
9.722006403883796717e-10
9.357476997147079821e-10
9.006299079170047761e-10
8.667995809636402214e-10
8.342106919299226216e-10
8.028188151032775521e-10
7.725810719126976337e-10
7.434560786252318671e-10
7.154038957536831455e-10
6.883859791216524955e-10
6.623651325335133654e-10
6.373054619985883889e-10
6.131723314602648469e-10
5.899323199823853378e-10
5.675531803465685864e-10
5.460037990156685624e-10
5.252541574198229161e-10
5.052752945229643885e-10
4.860392706289015565e-10
4.675191323873779815e-10
4.496888789616726954e-10
4.325234293205590136e-10
4.159985906185011275e-10
4.000910276291943802e-10
3.847782331984863784e-10
3.700384996839171588e-10
3.558508913490051248e-10
3.421952176814942446e-10
3.290520076056462825e-10
3.164024845596755466e-10
3.042285424102436798e-10
2.925127221768835921e-10
2.812381895400023847e-10
2.703887131069853269e-10
2.599486434116958977e-10
2.499028926234495690e-10
2.402369149422882276e-10
2.309366876581166696e-10
2.219886928519519271e-10
2.133798997182506362e-10
2.050977474879145972e-10
1.971301289322420031e-10
1.894653744286945447e-10
1.820922365699879164e-10
1.749998752985651315e-10
1.681778435491069538e-10
1.616160733822835958e-10
1.553048625934705256e-10
1.492348617806914783e-10
1.433970618565424162e-10
1.377827819893413947e-10
1.323836579592228306e-10
1.271916309153515774e-10
1.221989365208799308e-10
1.173980944726913284e-10
1.127818983834105642e-10
1.083434060135391751e-10
1.040759298419941117e-10
9.997302796368013572e-11
9.602849530312013570e-11
9.223635513350139862e-11
8.859085089085543877e-11
8.508643827342358127e-11
8.171777761656776832e-11
7.847972653392772125e-11
7.536733281580329097e-11
7.237582757604883836e-11
6.950061863905294879e-11
6.673728415864492085e-11
6.408156646104504981e-11
6.152936610422684017e-11
5.907673614632089042e-11
5.671987661592119004e-11
5.445512917739825706e-11
5.227897198455037337e-11
5.018801471613949354e-11
4.817899378707743817e-11
4.624876772923562411e-11
4.439431273604171941e-11
4.261271836523749655e-11
4.090118339434018503e-11
3.925701182354785697e-11
3.767760902099531299e-11
3.616047800543779394e-11
3.470321586161187143e-11
3.330351028367045092e-11
3.195913624225275818e-11
3.066795277089581494e-11
2.942789986763626913e-11
2.823699550779397843e-11
2.709333276406382494e-11
2.599507703016993844e-11
2.494046334446715776e-11
2.392779380999234942e-11
2.295543510759216313e-11
2.202181609886252986e-11
2.112542551574866080e-11
2.026480973376393316e-11
1.943857062588365588e-11
1.864536349427486370e-11
1.788389507711991946e-11
1.715292162788096921e-11
1.645124706444918742e-11
1.577772118570503526e-11
1.513123795310418516e-11
1.451073383498262050e-11
1.391518621135725325e-11
1.334361183707097981e-11
1.279506536120788055e-11
1.226863790077592178e-11
1.176345566672053475e-11
1.127867864040390214e-11
1.081349929874628330e-11
1.036714138628817412e-11
9.938858732494648525e-12
